[0, 0, 0, 0]
[0, 0, 0, 0]
[0, 0, 0, 2]
[0, 0, 0, 2]
[0, 0, 0, 2]
[2, 0, 0, 2]
[1, 0, 0, 2]
[3, 0, 0, 2]
[3, 0, 3, 2]
[1, 0, 3, 2]
[1, 2, 3, 2]
[1, 2, 3, 2]
[1, 2, 3, 6]
[1, 2, 3, 12]
[1, 2, 15, 12]
[1, 2, 15, 15]
[1, 2, 3, 15]
[3, 2, 3, 15]
[3, 2, 3, 15]
[3, 2, 3, 15]
[3, 2, 3, 18]
[3, 2, 18, 18]
[3, 2, 18, 0]
[2, 2, 18, 0]
[2, 1, 18, 0]
[2, 1, 18, 2]
[2, 1, 18, 4]
[2, 1, 18, 8]
[2, 1, 26, 8]
[26, 1, 26, 8]
[26, 1, 0, 8]
[26, 1, 3, 8]
[26, 1, 3, 0]
[26, 1, 3, 1]
[26, 1, 2, 1]
[26, 1, 2, 1]
[26, 1, 6, 1]
[32, 1, 6, 1]
[32, 0, 6, 1]
[32, 0, 6, 0]
[32, 0, 6, 2]
[32, 0, 2, 2]
[32, 0, 3, 2]
[32, 0, 3, 2]
[35, 0, 3, 2]
[35, 0, 3, 35]
[35, 0, 2, 35]
[35, 1, 2, 35]
[1, 1, 2, 35]
[1, 1, 2, 35]
[1, 1, 2, 35]
[1, 1, 2, 35]
[1, 1, 2, 36]
[1, 36, 2, 36]
[1, 36, 2, 36]
[1, 36, 2, 0]
[1, 36, 2, 1]
[1, 36, 2, 2]
[1, 38, 2, 2]
[1, 38, 2, 2]
[0, 38, 2, 2]
[2, 38, 2, 2]
[2, 38, 2, 1]
[2, 38, 2, 3]
[2, 41, 2, 3]
[1, 41, 2, 3]
[1, 41, 2, 1]
[1, 41, 2, 2]
[1, 41, 2, 4]
[1, 41, 2, 12]
[1, 53, 2, 12]
[1, 53, 2, 53]
[1, 3, 2, 53]
[1, 3, 3, 53]
[1, 2, 3, 53]
[1, 2, 3, 53]
[1, 2, 3, 55]
[1, 2, 55, 55]
[1, 2, 55, 1]
[1, 2, 55, 1]
[3, 2, 55, 1]
[3, 3, 55, 1]
[3, 6, 55, 1]
[3, 6, 61, 1]
[3, 61, 61, 1]
[0, 61, 61, 1]
[2, 61, 61, 1]
[2, 61, 61, 0]
[2, 61, 61, 0]
[2, 61, 3, 0]
[2, 61, 3, 1]
[2, 61, 3, 1]
[2, 61, 3, 1]
[2, 62, 3, 1]
[62, 62, 3, 1]
[62, 3, 3, 1]
[62, 3, 3, 0]
[62, 3, 2, 0]
[62, 3, 2, 1]
[62, 3, 2, 1]
[63, 3, 2, 1]
[63, 3, 63, 1]
[63, 3, 63, 1]
[63, 2, 63, 1]
[0, 2, 63, 1]
[2, 2, 63, 1]
[2, 1, 63, 1]
[2, 2, 63, 1]
[2, 6, 63, 1]
[2, 6, 69, 1]
[69, 6, 69, 1]
[69, 6, 0, 1]
[69, 6, 0, 2]
[69, 0, 0, 2]
[69, 2, 0, 2]
[69, 2, 3, 2]
[69, 2, 9, 2]
[78, 2, 9, 2]
[78, 1, 9, 2]
[78, 1, 9, 1]
[78, 1, 3, 1]
[78, 1, 3, 2]
[78, 1, 3, 6]
[84, 1, 3, 6]
[84, 1, 84, 6]
[2, 1, 84, 6]
[2, 1, 84, 2]
[2, 3, 84, 2]
[2, 3, 84, 2]
[4, 3, 84, 2]
[4, 3, 88, 2]
[4, 88, 88, 2]
[2, 88, 88, 2]
[2, 88, 1, 2]
[3, 88, 1, 2]
[6, 88, 1, 2]
[18, 88, 1, 2]
[18, 106, 1, 2]
[18, 106, 106, 2]
[1, 106, 106, 2]
[1, 0, 106, 2]
[1, 0, 106, 2]
[1, 0, 106, 4]
[1, 0, 106, 4]
[1, 0, 110, 4]
[1, 110, 110, 4]
[1, 110, 3, 4]
[2, 110, 3, 4]
[2, 110, 3, 1]
[3, 110, 3, 1]
[6, 110, 3, 1]
[12, 110, 3, 1]
[12, 122, 3, 1]
[12, 122, 122, 1]
[2, 122, 122, 1]
[2, 0, 122, 1]
[2, 1, 122, 1]
[2, 2, 122, 1]
[2, 2, 124, 1]
[2, 124, 124, 1]
[2, 124, 124, 2]
[0, 124, 124, 2]
[0, 124, 3, 2]
[0, 124, 2, 2]
[0, 124, 4, 2]
[0, 124, 12, 2]
[0, 136, 12, 2]
[0, 136, 12, 136]
[0, 2, 12, 136]
[0, 2, 2, 136]
[1, 2, 2, 136]
[1, 2, 2, 136]
[2, 2, 2, 136]
[2, 2, 2, 138]
[2, 138, 2, 138]
[0, 138, 2, 138]
[0, 138, 1, 138]
[0, 138, 1, 0]
[0, 138, 1, 3]
[0, 138, 1, 2]
[0, 138, 1, 4]
[0, 138, 1, 4]
[0, 142, 1, 4]
[142, 142, 1, 4]
[142, 142, 1, 3]
[142, 0, 1, 3]
[142, 2, 1, 3]
[142, 4, 1, 3]
[142, 12, 1, 3]
[154, 12, 1, 3]
[154, 154, 1, 3]
[2, 154, 1, 3]
[2, 154, 1, 2]
[2, 154, 2, 2]
[1, 154, 2, 2]
[2, 154, 2, 2]
[2, 156, 2, 2]
[2, 156, 156, 2]
[2, 2, 156, 2]
[2, 2, 156, 3]
[2, 2, 156, 3]
[2, 2, 156, 3]
[6, 2, 156, 3]
[6, 2, 162, 3]
[6, 162, 162, 3]
[6, 162, 2, 3]
[0, 162, 2, 3]
[1, 162, 2, 3]
[1, 162, 2, 2]
[1, 162, 2, 1]
[1, 162, 2, 2]
[1, 164, 2, 2]
[164, 164, 2, 2]
[164, 164, 0, 2]
[164, 164, 1, 2]
[164, 3, 1, 2]
[164, 3, 1, 2]
[164, 2, 1, 2]
[164, 2, 1, 2]
[164, 2, 1, 2]
[166, 2, 1, 2]
[166, 166, 1, 2]
[2, 166, 1, 2]
[2, 166, 1, 1]
[2, 166, 3, 1]
[2, 166, 2, 1]
[2, 166, 2, 1]
[2, 168, 2, 1]
[2, 168, 168, 1]
[2, 168, 168, 0]
[2, 168, 168, 2]
[2, 1, 168, 2]
[2, 1, 168, 2]
[2, 1, 168, 2]
[2, 1, 170, 2]
[2, 170, 170, 2]
[2, 170, 0, 2]
[2, 170, 3, 2]
[0, 170, 3, 2]
[1, 170, 3, 2]
[2, 170, 3, 2]
[6, 170, 3, 2]
[6, 170, 3, 2]
[6, 176, 3, 2]
[6, 176, 176, 2]
[1, 176, 176, 2]
[1, 2, 176, 2]
[1, 2, 176, 2]
[1, 2, 176, 6]
[1, 2, 182, 6]
[1, 2, 182, 182]
[1, 2, 0, 182]
[1, 0, 0, 182]
[1, 1, 0, 182]
[0, 1, 0, 182]
[3, 1, 0, 182]
[3, 1, 0, 182]
[3, 3, 0, 182]
[3, 3, 0, 185]
[0, 3, 0, 185]
[0, 2, 0, 185]
[0, 2, 0, 185]
[0, 2, 3, 185]
[0, 2, 3, 185]
[0, 2, 6, 185]
[0, 2, 12, 185]
[0, 2, 12, 197]
[0, 197, 12, 197]
[1, 197, 12, 197]
[1, 197, 12, 0]
[1, 197, 2, 0]
[2, 197, 2, 0]
[4, 197, 2, 0]
[4, 201, 2, 0]
[201, 201, 2, 0]
[201, 201, 3, 0]
[201, 0, 3, 0]
[201, 1, 3, 0]
[201, 2, 3, 0]
[201, 4, 3, 0]
[205, 4, 3, 0]
[205, 4, 2, 0]
[205, 0, 2, 0]
[205, 0, 2, 0]
[205, 1, 2, 0]
[205, 3, 2, 0]
[205, 9, 2, 0]
[214, 9, 2, 0]
[214, 3, 2, 0]
[214, 1, 2, 0]
[214, 3, 2, 0]
[214, 6, 2, 0]
[220, 6, 2, 0]
[220, 6, 2, 3]
[220, 0, 2, 3]
[220, 3, 2, 3]
[220, 3, 1, 3]
[220, 3, 2, 3]
[222, 3, 2, 3]
[222, 3, 2, 222]
[222, 0, 2, 222]
[222, 0, 2, 222]
[1, 0, 2, 222]
[1, 1, 2, 222]
[1, 2, 2, 222]
[1, 2, 2, 222]
[1, 2, 2, 224]
[1, 3, 2, 224]
[2, 3, 2, 224]
[2, 3, 2, 224]
[2, 3, 6, 224]
[2, 3, 6, 230]
[230, 3, 6, 230]
[230, 3, 6, 0]
[230, 1, 6, 0]
[230, 1, 0, 0]
[230, 1, 2, 0]
[230, 1, 2, 0]
[230, 3, 2, 0]
[230, 6, 2, 0]
[236, 6, 2, 0]
[236, 6, 236, 0]
[2, 6, 236, 0]
[2, 6, 236, 2]
[2, 0, 236, 2]
[2, 0, 236, 1]
[2, 0, 236, 1]
[2, 0, 236, 2]
[2, 0, 238, 2]
[2, 0, 238, 238]
[2, 0, 3, 238]
[2, 2, 3, 238]
[2, 3, 3, 238]
[2, 6, 3, 238]
[2, 18, 3, 238]
[2, 18, 3, 256]
[2, 256, 3, 256]
[2, 256, 3, 0]
[2, 256, 2, 0]
[2, 256, 2, 1]
[2, 256, 2, 2]
[2, 256, 2, 6]
[2, 262, 2, 6]
[2, 262, 2, 2]
[2, 262, 1, 2]
[2, 262, 1, 2]
[2, 263, 1, 2]
[2, 263, 1, 2]
[2, 263, 1, 1]
[3, 263, 1, 1]
[3, 263, 2, 1]
[3, 263, 4, 1]
[3, 267, 4, 1]
[3, 267, 267, 1]
[3, 267, 267, 2]
[3, 1, 267, 2]
[3, 2, 267, 2]
[3, 6, 267, 2]
[3, 18, 267, 2]
[3, 18, 285, 2]
[285, 18, 285, 2]
[285, 0, 285, 2]
[285, 0, 0, 2]
[285, 0, 2, 2]
[285, 0, 2, 3]
[285, 0, 2, 3]
[288, 0, 2, 3]
[288, 0, 288, 3]
[288, 1, 288, 3]
[2, 1, 288, 3]
[2, 1, 288, 0]
[2, 1, 288, 0]
[2, 1, 288, 0]
[4, 1, 288, 0]
[8, 1, 288, 0]
[8, 1, 296, 0]
[8, 1, 296, 296]
[8, 3, 296, 296]
[8, 3, 2, 296]
[0, 3, 2, 296]
[1, 3, 2, 296]
[2, 3, 2, 296]
[2, 3, 2, 298]
[3, 3, 2, 298]
[3, 3, 0, 298]
[3, 3, 1, 298]
[3, 3, 3, 298]
[3, 3, 6, 298]
[3, 3, 6, 304]
[3, 3, 0, 304]
[3, 1, 0, 304]
[1, 1, 0, 304]
[2, 1, 0, 304]
[6, 1, 0, 304]
[6, 1, 0, 310]
[310, 1, 0, 310]
[310, 1, 0, 310]
[310, 1, 3, 310]
[310, 1, 3, 0]
[310, 1, 3, 0]
[310, 3, 3, 0]
[313, 3, 3, 0]
[313, 0, 3, 0]
[313, 0, 3, 0]
[313, 0, 3, 2]
[313, 0, 0, 2]
[313, 0, 0, 2]
[313, 0, 1, 2]
[313, 0, 2, 2]
[315, 0, 2, 2]
[315, 315, 2, 2]
[3, 315, 2, 2]
[3, 315, 3, 2]
[3, 315, 3, 0]
[3, 315, 3, 2]
[3, 315, 3, 6]
[3, 321, 3, 6]
[3, 321, 321, 6]
[1, 321, 321, 6]
[1, 321, 321, 1]
[1, 0, 321, 1]
[1, 3, 321, 1]
[1, 2, 321, 1]
[1, 4, 321, 1]
[1, 12, 321, 1]
[1, 12, 333, 1]
[1, 333, 333, 1]
[1, 333, 1, 1]
[1, 333, 1, 2]
[1, 333, 1, 6]
[1, 339, 1, 6]
[1, 339, 339, 6]
[1, 339, 339, 0]
[1, 2, 339, 0]
[2, 2, 339, 0]
[3, 2, 339, 0]
[6, 2, 339, 0]
[18, 2, 339, 0]
[18, 2, 357, 0]
[18, 357, 357, 0]
[18, 357, 3, 0]
[18, 357, 3, 2]
[2, 357, 3, 2]
[2, 357, 1, 2]
[2, 357, 2, 2]
[2, 359, 2, 2]
[2, 359, 359, 2]
[2, 1, 359, 2]
[1, 1, 359, 2]
[2, 1, 359, 2]
[6, 1, 359, 2]
[6, 1, 365, 2]
[365, 1, 365, 2]
[365, 1, 0, 2]
[365, 3, 0, 2]
[365, 2, 0, 2]
[365, 2, 0, 2]
[367, 2, 0, 2]
[367, 367, 0, 2]
[367, 367, 2, 2]
[0, 367, 2, 2]
[0, 367, 2, 2]
[0, 367, 2, 0]
[0, 367, 2, 0]
[0, 367, 2, 3]
[0, 367, 2, 6]
[0, 367, 2, 18]
[0, 385, 2, 18]
[385, 385, 2, 18]
[385, 0, 2, 18]
[385, 0, 2, 1]
[385, 0, 0, 1]
[385, 2, 0, 1]
[385, 4, 0, 1]
[385, 8, 0, 1]
[393, 8, 0, 1]
[393, 8, 393, 1]
[393, 0, 393, 1]
[393, 1, 393, 1]
[0, 1, 393, 1]
[2, 1, 393, 1]
[2, 1, 393, 2]
[2, 1, 393, 6]
[2, 1, 399, 6]
[399, 1, 399, 6]
[399, 3, 399, 6]
[399, 3, 399, 1]
[399, 3, 3, 1]
[399, 2, 3, 1]
[399, 4, 3, 1]
[403, 4, 3, 1]
[403, 4, 3, 403]
[403, 4, 2, 403]
[403, 0, 2, 403]
[403, 0, 2, 403]
[1, 0, 2, 403]
[1, 0, 2, 403]
[3, 0, 2, 403]
[3, 0, 2, 406]
[3, 0, 406, 406]
[2, 0, 406, 406]
[2, 0, 406, 0]
[2, 0, 406, 0]
[2, 0, 406, 0]
[2, 3, 406, 0]
[2, 1, 406, 0]
[2, 1, 406, 0]
[2, 1, 407, 0]
[2, 407, 407, 0]
[1, 407, 407, 0]
[1, 407, 407, 1]
[1, 407, 2, 1]
[1, 407, 1, 1]
[1, 407, 1, 1]
[1, 407, 3, 1]
[1, 410, 3, 1]
[1, 410, 3, 410]
[1, 2, 3, 410]
[1, 2, 3, 410]
[0, 2, 3, 410]
[2, 2, 3, 410]
[2, 3, 3, 410]
[2, 9, 3, 410]
[2, 9, 3, 419]
[2, 9, 419, 419]
[1, 9, 419, 419]
[1, 1, 419, 419]
[1, 1, 419, 2]
[2, 1, 419, 2]
[6, 1, 419, 2]
[6, 1, 419, 2]
[6, 1, 425, 2]
[6, 1, 425, 425]
[6, 2, 425, 425]
[2, 2, 425, 425]
[2, 2, 3, 425]
[2, 2, 1, 425]
[2, 2, 3, 425]
[2, 2, 3, 428]
[2, 428, 3, 428]
[2, 428, 3, 1]
[2, 428, 0, 1]
[2, 428, 3, 1]
[1, 428, 3, 1]
[1, 428, 3, 2]
[1, 428, 3, 6]
[1, 428, 3, 6]
[1, 434, 3, 6]
[1, 434, 3, 0]
[1, 434, 3, 2]
[1, 434, 0, 2]
[2, 434, 0, 2]
[3, 434, 0, 2]
[6, 434, 0, 2]
[6, 440, 0, 2]
[6, 440, 440, 2]
[6, 3, 440, 2]
[2, 3, 440, 2]
[2, 3, 440, 0]
[2, 3, 440, 3]
[2, 3, 440, 1]
[2, 3, 440, 2]
[2, 3, 442, 2]
[2, 0, 442, 2]
[2, 0, 442, 0]
[2, 3, 442, 0]
[2, 9, 442, 0]
[2, 9, 451, 0]
[2, 451, 451, 0]
[1, 451, 451, 0]
[1, 451, 2, 0]
[1, 451, 2, 2]
[1, 451, 2, 2]
[3, 451, 2, 2]
[3, 454, 2, 2]
[3, 454, 2, 454]
[1, 454, 2, 454]
[1, 3, 2, 454]
[1, 2, 2, 454]
[1, 6, 2, 454]
[1, 12, 2, 454]
[1, 12, 2, 466]
[1, 466, 2, 466]
[1, 466, 2, 0]
[1, 466, 3, 0]
[1, 466, 3, 2]
[1, 466, 3, 2]
[1, 468, 3, 2]
[3, 468, 3, 2]
[3, 468, 0, 2]
[3, 468, 0, 0]
[3, 468, 0, 0]
[3, 468, 0, 1]
[3, 468, 0, 1]
[3, 468, 0, 2]
[3, 470, 0, 2]
[3, 470, 0, 470]
[3, 470, 2, 470]
[3, 2, 2, 470]
[3, 3, 2, 470]
[3, 3, 2, 470]
[3, 6, 2, 470]
[3, 6, 2, 476]
[3, 476, 2, 476]
[3, 476, 2, 0]
[3, 476, 0, 0]
[1, 476, 0, 0]
[3, 476, 0, 0]
[3, 479, 0, 0]
[3, 479, 479, 0]
[3, 479, 479, 1]
[3, 3, 479, 1]
[2, 3, 479, 1]
[2, 2, 479, 1]
[2, 2, 479, 1]
[2, 2, 481, 1]
[2, 481, 481, 1]
[1, 481, 481, 1]
[1, 481, 2, 1]
[1, 481, 2, 0]
[1, 481, 2, 0]
[3, 481, 2, 0]
[3, 481, 2, 0]
[3, 484, 2, 0]
[484, 484, 2, 0]
[484, 484, 0, 0]
[484, 3, 0, 0]
[484, 2, 0, 0]
[484, 6, 0, 0]
[490, 6, 0, 0]
[490, 6, 0, 490]
[490, 6, 3, 490]
[2, 6, 3, 490]
[2, 1, 3, 490]
[1, 1, 3, 490]
[3, 1, 3, 490]
[3, 1, 3, 490]
[3, 1, 3, 493]
[3, 0, 3, 493]
[0, 0, 3, 493]
[3, 0, 3, 493]
[3, 0, 2, 493]
[3, 0, 6, 493]
[3, 0, 6, 499]
[3, 499, 6, 499]
[3, 499, 6, 2]
[3, 499, 0, 2]
[2, 499, 0, 2]
[2, 499, 0, 2]
[2, 501, 0, 2]
[2, 501, 0, 2]
[2, 501, 3, 2]
[1, 501, 3, 2]
[3, 501, 3, 2]
[6, 501, 3, 2]
[6, 507, 3, 2]
[6, 507, 507, 2]
[6, 0, 507, 2]
[2, 0, 507, 2]
[2, 1, 507, 2]
[2, 3, 507, 2]
[2, 3, 507, 2]
[2, 3, 510, 2]
[2, 510, 510, 2]
[3, 510, 510, 2]
[3, 510, 0, 2]
[3, 510, 2, 2]
[3, 510, 6, 2]
[3, 516, 6, 2]
[3, 516, 6, 1]
[3, 516, 3, 1]
[1, 516, 3, 1]
[3, 516, 3, 1]
[3, 516, 3, 1]
[3, 519, 3, 1]
[3, 519, 519, 1]
[2, 519, 519, 1]
[2, 0, 519, 1]
[2, 0, 519, 1]
[2, 0, 519, 3]
[2, 0, 522, 3]
[2, 522, 522, 3]
[2, 522, 0, 3]
[2, 522, 2, 3]
[2, 522, 2, 1]
[2, 522, 1, 1]
[2, 522, 2, 1]
[2, 522, 2, 1]
[2, 524, 2, 1]
[2, 524, 524, 1]
[2, 2, 524, 1]
[2, 2, 524, 1]
[2, 2, 524, 2]
[2, 2, 526, 2]
[2, 526, 526, 2]
[2, 526, 526, 2]
[3, 526, 526, 2]
[3, 526, 2, 2]
[3, 526, 3, 2]
[3, 526, 3, 2]
[3, 529, 3, 2]
[3, 529, 3, 1]
[1, 529, 3, 1]
[1, 529, 2, 1]
[1, 529, 2, 1]
[1, 529, 2, 3]
[1, 532, 2, 3]
[1, 532, 2, 1]
[3, 532, 2, 1]
[3, 532, 2, 1]
[3, 532, 6, 1]
[3, 538, 6, 1]
[3, 538, 538, 1]
[3, 2, 538, 1]
[3, 2, 538, 0]
[3, 2, 538, 0]
[1, 2, 538, 0]
[3, 2, 538, 0]
[6, 2, 538, 0]
[6, 2, 544, 0]
[6, 2, 544, 544]
[6, 1, 544, 544]
[6, 1, 0, 544]
[2, 1, 0, 544]
[2, 1, 2, 544]
[2, 1, 4, 544]
[2, 1, 4, 548]
[2, 1, 548, 548]
[2, 1, 548, 0]
[2, 3, 548, 0]
[2, 3, 548, 2]
[2, 3, 548, 4]
[2, 3, 548, 4]
[2, 3, 552, 4]
[552, 3, 552, 4]
[552, 3, 0, 4]
[552, 3, 0, 1]
[552, 1, 0, 1]
[552, 1, 2, 1]
[552, 1, 4, 1]
[556, 1, 4, 1]
[556, 1, 556, 1]
[1, 1, 556, 1]
[1, 1, 556, 0]
[1, 1, 556, 3]
[1, 0, 556, 3]
[1, 0, 556, 3]
[1, 2, 556, 3]
[1, 2, 556, 3]
[1, 6, 556, 3]
[1, 6, 562, 3]
[1, 562, 562, 3]
[1, 562, 2, 3]
[1, 562, 2, 0]
[2, 562, 2, 0]
[1, 562, 2, 0]
[2, 562, 2, 0]
[2, 564, 2, 0]
[2, 564, 564, 0]
[2, 0, 564, 0]
[2, 3, 564, 0]
[2, 3, 564, 0]
[2, 3, 564, 1]
[2, 3, 564, 1]
[2, 3, 564, 3]
[2, 3, 564, 9]
[2, 3, 573, 9]
[2, 573, 573, 9]
[2, 573, 3, 9]
[2, 573, 3, 1]
[1, 573, 3, 1]
[3, 573, 3, 1]
[3, 573, 3, 1]
[3, 576, 3, 1]
[3, 576, 1, 1]
[0, 576, 1, 1]
[2, 576, 1, 1]
[1, 576, 1, 1]
[3, 576, 1, 1]
[3, 576, 1, 1]
[3, 579, 1, 1]
[3, 579, 0, 1]
[3, 579, 0, 2]
[0, 579, 0, 2]
[1, 579, 0, 2]
[1, 579, 2, 2]
[1, 579, 4, 2]
[1, 583, 4, 2]
[583, 583, 4, 2]
[583, 1, 4, 2]
[583, 1, 3, 2]
[583, 1, 3, 2]
[583, 1, 3, 4]
[587, 1, 3, 4]
[587, 2, 3, 4]
[587, 2, 3, 0]
[587, 2, 0, 0]
[587, 2, 2, 0]
[587, 2, 3, 0]
[587, 2, 3, 0]
[587, 2, 6, 0]
[593, 2, 6, 0]
[593, 593, 6, 0]
[593, 593, 2, 0]
[1, 593, 2, 0]
[1, 593, 1, 0]
[1, 593, 2, 0]
[1, 595, 2, 0]
[1, 595, 2, 0]
[1, 595, 2, 2]
[1, 595, 1, 2]
[1, 595, 3, 2]
[1, 598, 3, 2]
[3, 598, 3, 2]
[3, 598, 1, 2]
[3, 598, 1, 3]
[3, 598, 1, 2]
[3, 598, 1, 4]
[3, 598, 1, 12]
[3, 610, 1, 12]
[3, 610, 1, 610]
[3, 0, 1, 610]
[3, 2, 1, 610]
[3, 3, 1, 610]
[3, 6, 1, 610]
[3, 6, 1, 616]
[3, 2, 1, 616]
[3, 2, 0, 616]
[2, 2, 0, 616]
[2, 2, 0, 616]
[2, 2, 0, 616]
[2, 2, 0, 618]
[2, 0, 0, 618]
[0, 0, 0, 618]
[3, 0, 0, 618]
[3, 0, 3, 618]
[3, 0, 1, 618]
[3, 0, 2, 618]
[3, 0, 2, 620]
[3, 620, 2, 620]
[3, 620, 0, 620]
[3, 620, 0, 2]
[1, 620, 0, 2]
[1, 620, 1, 2]
[1, 620, 3, 2]
[1, 623, 3, 2]
[1, 623, 3, 623]
[1, 0, 3, 623]
[1, 0, 3, 623]
[1, 0, 2, 623]
[1, 0, 6, 623]
[1, 0, 6, 629]
[629, 0, 6, 629]
[629, 0, 2, 629]
[629, 0, 2, 0]
[629, 0, 2, 0]
[629, 1, 2, 0]
[629, 3, 2, 0]
[629, 3, 2, 0]
[629, 6, 2, 0]
[635, 6, 2, 0]
[635, 6, 635, 0]
[2, 6, 635, 0]
[2, 1, 635, 0]
[2, 2, 635, 0]
[2, 4, 635, 0]
[2, 4, 639, 0]
[639, 4, 639, 0]
[639, 4, 639, 3]
[639, 0, 639, 3]
[639, 0, 0, 3]
[639, 0, 2, 3]
[639, 0, 4, 3]
[643, 0, 4, 3]
[643, 643, 4, 3]
[0, 643, 4, 3]
[2, 643, 4, 3]
[2, 643, 0, 3]
[2, 643, 0, 0]
[2, 643, 0, 2]
[3, 643, 0, 2]
[9, 643, 0, 2]
[9, 652, 0, 2]
[9, 652, 652, 2]
[2, 652, 652, 2]
[2, 2, 652, 2]
[2, 2, 652, 0]
[2, 2, 652, 1]
[1, 2, 652, 1]
[2, 2, 652, 1]
[2, 2, 654, 1]
[654, 2, 654, 1]
[654, 2, 654, 2]
[654, 2, 0, 2]
[654, 2, 0, 1]
[654, 2, 0, 2]
[654, 2, 0, 6]
[660, 2, 0, 6]
[660, 660, 0, 6]
[660, 660, 3, 6]
[2, 660, 3, 6]
[2, 660, 3, 2]
[2, 660, 3, 1]
[2, 660, 3, 3]
[2, 663, 3, 3]
[2, 663, 3, 663]
[2, 0, 3, 663]
[2, 0, 3, 663]
[2, 0, 0, 663]
[2, 0, 0, 663]
[1, 0, 0, 663]
[2, 0, 0, 663]
[6, 0, 0, 663]
[6, 0, 0, 663]
[6, 0, 0, 669]
[6, 669, 0, 669]
[1, 669, 0, 669]
[1, 669, 3, 669]
[1, 669, 3, 1]
[1, 669, 3, 2]
[1, 669, 3, 2]
[1, 669, 3, 4]
[1, 673, 3, 4]
[1, 673, 1, 4]
[2, 673, 1, 4]
[2, 673, 1, 1]
[2, 673, 1, 1]
[2, 673, 1, 1]
[2, 673, 1, 2]
[2, 675, 1, 2]
[2, 675, 1, 675]
[0, 675, 1, 675]
[0, 3, 1, 675]
[2, 3, 1, 675]
[2, 3, 1, 675]
[2, 3, 1, 677]
[2, 3, 3, 677]
[2, 3, 3, 677]
[2, 1, 3, 677]
[2, 1, 3, 677]
[2, 1, 3, 678]
[2, 678, 3, 678]
[2, 678, 3, 0]
[0, 678, 3, 0]
[3, 678, 3, 0]
[1, 678, 3, 0]
[3, 678, 3, 0]
[3, 681, 3, 0]